# Ruins data management file. Below, you see all data accumulated by AtomicStrykers Ruins during the last run of this World.
# Data is noted as follows: Each line stands for one successfull Ruin spawn. Data syntax is:
# xMin yMin zMin xMax yMax zMax templateName
# everything but the last value is an integer value. Template name equals the template file name.
#
# DO NOT EDIT THIS FILE UNLESS YOU ARE SURE OF WHAT YOU ARE DOING
#
# The primary function of this file is to lock areas you do not want Ruins spawning in. Put them here before worldgen.
# It should also prevent Ruins re-spawning under any circumstances. Areas registered in here block any overlapping new Ruins.
# Empty lines and those prefixed by '#' are ignored by the parser. Don't save notes in here, file gets wiped upon flushing.
#
-2132 63 386 -2109 69 406 dune7.tml
-2101 63 359 -2088 67 373 dune.tml
-2095 63 332 -2090 65 343 dune2.tml
-2084 63 338 -2061 69 358 dune7.tml
-2047 63 534 -2014 68 565 dune4.tml
-2037 63 454 -2023 67 467 dune.tml
-2036 63 303 -1985 74 350 dune6.tml
-2010 63 454 -1987 69 474 dune7.tml
-1983 63 303 -1970 65 312 dune3.tml
-1968 63 447 -1963 65 458 dune2.tml
-1966 63 323 -1915 74 370 dune6.tml
-1963 63 271 -1905 68 304 dune5.tml
-1961 63 215 -1928 68 246 dune4.tml
-1951 63 412 -1920 68 445 dune4.tml
-1937 63 462 -1886 74 509 dune6.tml
-1912 63 387 -1890 119 419 grave2.tml
-1894 63 379 -1889 65 390 dune2.tml
-1889 63 811 -1838 74 858 dune6.tml
-1876 63 387 -1845 68 420 dune4.tml
-1869 63 957 -1822 74 1008 dune6.tml
-1847 63 575 -1827 69 598 dune7.tml
-1843 63 524 -1785 68 557 dune5.tml
-1841 63 708 -1818 69 728 dune7.tml
-1841 63 407 -1828 67 421 dune.tml
-1836 63 827 -1785 74 874 dune6.tml
-1829 63 759 -1816 65 768 dune3.tml
-1816 63 364 -1793 69 384 dune7.tml
-1804 63 615 -1799 65 626 dune2.tml
-1804 63 675 -1791 67 689 dune.tml
-1800 63 690 -1780 69 713 dune7.tml
-1799 63 504 -1790 65 517 dune3.tml
-1780 63 675 -1722 68 708 dune5.tml
-1760 63 461 -1737 69 481 dune7.tml
-1759 63 495 -1726 68 553 dune5.tml
-1755 63 758 -1708 74 809 dune6.tml
-1718 63 575 -1704 67 588 dune.tml
-1703 63 679 -1656 74 730 dune6.tml
-1682 63 581 -1671 65 586 dune2.tml
-1649 63 588 -1626 69 608 dune7.tml
-1642 63 612 -1609 68 670 dune5.tml
-1635 63 431 -1584 74 478 dune6.tml
-1627 63 490 -1607 69 513 dune7.tml
-1610 63 524 -1559 74 571 dune6.tml
-1599 63 593 -1590 65 606 dune3.tml
-1578 63 600 -1527 74 647 dune6.tml
-1549 63 573 -1535 67 586 dune.tml
-1533 63 503 -1513 69 526 dune7.tml
-1525 63 588 -1505 69 611 dune7.tml
-1515 63 510 -1484 68 543 dune4.tml
-1508 63 658 -1488 69 681 dune7.tml
-1503 63 -24 -1456 74 27 dune6.tml
-1497 63 737 -1477 69 760 dune7.tml
-1480 63 232 -1429 74 279 dune6.tml
-1472 63 567 -1439 68 598 dune4.tml
-1468 63 553 -1454 67 566 dune.tml
-1462 63 178 -1442 69 201 dune7.tml
-1446 63 767 -1433 67 781 dune.tml
-1440 63 739 -1427 65 748 dune3.tml
-1433 63 78 -1400 68 109 dune4.tml
-1433 63 203 -1375 68 236 dune5.tml
-1430 63 -52 -1383 74 -1 dune6.tml
-1421 63 530 -1390 68 563 dune4.tml
-1418 63 425 -1398 69 448 dune7.tml
-1391 63 637 -1386 65 648 dune2.tml
-1385 63 420 -1354 68 453 dune4.tml
-1381 63 123 -1334 74 174 dune6.tml
-1378 63 458 -1327 74 505 dune6.tml
-1330 63 545 -1319 65 550 dune2.tml
-1327 63 754 -1276 74 801 dune6.tml
-1325 63 719 -1316 65 732 dune3.tml
-1296 63 536 -1265 68 569 dune4.tml
-1296 63 706 -1263 68 737 dune4.tml
-1282 63 590 -1269 67 604 dune.tml
-1279 63 517 -1266 65 526 dune3.tml
-1272 63 133 -1249 69 153 dune7.tml
-1264 63 499 -1259 65 510 dune2.tml
-1258 63 -28 -1200 68 5 dune5.tml
-1254 63 522 -1234 69 545 dune7.tml
-1252 63 -108 -1201 74 -61 dune6.tml
-1251 63 695 -1204 74 746 dune6.tml
-1245 63 621 -1212 68 652 dune4.tml
-1240 63 477 -1217 69 497 dune7.tml
-1233 63 763 -1182 74 810 dune6.tml
-1220 63 661 -1197 69 681 dune7.tml
-1196 63 533 -1187 65 546 dune3.tml
-1186 63 529 -1155 68 562 dune4.tml
-1176 63 105 -1125 74 152 dune6.tml
-1162 63 582 -1157 65 593 dune2.tml
-1160 63 610 -1109 74 657 dune6.tml
-1153 63 537 -1130 69 557 dune7.tml
-1129 63 743 -1109 69 766 dune7.tml
-1112 63 578 -1098 67 591 dune.tml
-1102 63 -2 -1069 68 56 dune5.tml
-1101 63 288 -1081 69 311 dune7.tml
-1097 63 720 -1074 69 740 dune7.tml
-1095 63 596 -1075 69 619 dune7.tml
-1087 63 -171 -1040 74 -120 dune6.tml
-1079 63 523 -1028 74 570 dune6.tml
-1071 63 834 -1057 67 847 dune.tml
-1071 63 427 -1066 65 438 dune2.tml
-1064 63 638 -1055 65 651 dune3.tml
-1053 63 471 -1040 67 485 dune.tml
-1053 63 761 -1044 65 774 dune3.tml
-1038 63 809 -1007 68 842 dune4.tml
-1025 63 181 -978 74 232 dune6.tml
-1003 63 290 -945 68 323 dune5.tml
-997 63 369 -977 69 392 dune7.tml
-995 63 469 -990 65 480 dune2.tml
-994 63 445 -980 67 458 dune.tml
-989 63 650 -956 68 681 dune4.tml
-988 63 710 -977 65 715 dune2.tml
-973 63 -43 -922 74 4 dune6.tml
-970 63 112 -947 69 132 dune7.tml
-967 63 573 -916 74 620 dune6.tml
-952 63 462 -938 67 475 dune.tml
-942 63 -691 -931 65 -686 dune2.tml
-915 63 151 -904 65 156 dune2.tml
-912 63 766 -881 68 799 dune4.tml
-909 63 -158 -862 74 -107 dune6.tml
-899 63 283 -879 69 306 dune7.tml
-898 63 107 -851 74 158 dune6.tml
-887 63 335 -867 69 358 dune7.tml
-874 63 471 -823 74 518 dune6.tml
-859 63 685 -846 67 699 dune.tml
-830 63 662 -807 69 682 dune7.tml
-817 63 -104 -770 74 -53 dune6.tml
-812 63 300 -761 74 347 dune6.tml
-803 63 760 -756 74 811 dune6.tml
-782 63 748 -777 65 759 dune2.tml
-765 63 -591 -734 68 -558 dune4.tml
-746 63 -526 -726 69 -503 dune7.tml
-744 63 25 -697 74 76 dune6.tml
-730 63 1103 -679 74 1150 dune6.tml
-723 63 -537 -710 67 -523 dune.tml
-721 63 984 -698 69 1004 dune7.tml
-708 63 -531 -695 65 -522 dune3.tml
-677 63 1078 -668 65 1091 dune3.tml
-663 63 -495 -612 74 -448 dune6.tml
-615 63 -206 -610 65 -195 dune2.tml
-600 63 -301 -589 65 -296 dune2.tml
-599 63 -232 -548 74 -185 dune6.tml
-591 63 -131 -558 68 -100 dune4.tml
-588 63 -425 -577 65 -420 dune2.tml
-544 63 -899 -493 74 -852 dune6.tml
-542 63 -363 -484 68 -330 dune5.tml
-541 63 -602 -494 74 -551 dune6.tml
-540 63 -428 -526 67 -415 dune.tml
-522 63 -200 -491 68 -167 dune4.tml
-483 63 -771 -460 69 -751 dune7.tml
-481 63 -80 -450 68 -47 dune4.tml
-479 63 -140 -468 65 -135 dune2.tml
-454 63 -349 -403 74 -302 dune6.tml
-443 63 -264 -423 69 -241 dune7.tml
-439 63 -386 -428 65 -381 dune2.tml
-396 63 -986 -345 74 -939 dune6.tml
-390 63 -818 -357 68 -787 dune4.tml
-384 63 -413 -361 69 -393 dune7.tml
-347 63 -293 -324 69 -273 dune7.tml
-322 63 -433 -271 74 -386 dune6.tml
-320 63 -93 -309 65 -88 dune2.tml
-304 63 -359 -284 69 -336 dune7.tml
-260 63 -151 -247 67 -137 dune.tml
-249 63 -92 -226 69 -72 dune7.tml
-219 63 850 -168 74 897 dune6.tml
-195 63 117 -172 69 137 dune7.tml
-194 63 150 -185 65 163 dune3.tml
-167 63 944 -154 67 958 dune.tml
-163 63 141 -152 65 146 dune2.tml
-150 63 949 -99 74 996 dune6.tml
-141 63 180 -118 69 200 dune7.tml
-132 63 220 -112 69 243 dune7.tml
-103 63 302 -92 65 307 dune2.tml
-98 63 231 -78 69 254 dune7.tml
-96 63 349 -49 74 400 dune6.tml
-82 63 184 -77 65 195 dune2.tml
-76 63 200 -56 69 223 dune7.tml
-68 63 243 -37 68 276 dune4.tml
-36 63 504 11 74 555 dune6.tml
-22 63 -31 11 68 27 dune5.tml
15 63 -78 38 69 -58 dune7.tml
17 63 -832 68 74 -785 dune6.tml
40 63 -86 98 68 -53 dune5.tml
44 63 -53 57 67 -39 dune.tml
59 63 3 82 69 23 dune7.tml
74 63 95 97 69 115 dune7.tml
75 63 54 88 65 63 dune3.tml
88 63 -545 139 74 -498 dune6.tml
89 63 -761 136 74 -710 dune6.tml
94 63 4 105 65 9 dune2.tml
101 63 109 152 74 156 dune6.tml
108 63 -14 131 69 6 dune7.tml
116 63 29 125 65 42 dune3.tml
132 63 65 146 67 78 dune.tml
146 63 69 166 69 92 dune7.tml
164 63 36 173 65 49 dune3.tml
172 63 -704 205 68 -673 dune4.tml
217 63 -666 230 67 -652 dune.tml
223 63 116 232 65 129 dune3.tml
230 63 -669 263 68 -611 dune5.tml
237 63 108 270 68 139 dune4.tml
251 63 -687 274 69 -667 dune7.tml
283 63 -696 334 74 -649 dune6.tml
284 63 178 298 67 191 dune.tml
303 63 200 308 65 211 dune2.tml
316 63 142 347 68 175 dune4.tml
401 63 -833 448 74 -782 dune6.tml
